

Preorder: 
138 77 9 7 4 1 5 61 50 18 17 41 29 20 21 24 22 28 33 30 34 42 43 47 49 56 55 53 58 57 59 69 68 62 66 74 75 94 85 84 81 83 88 90 89 93 92 91 115 114 109 101 97 96 100 99 106 103 128 127 122 117 119 121 126 134 129 170 150 142 141 140 147 149 158 151 152 155 161 163 162 168 169 173 172 174 185 180 181 184 183 194 190 186 187 192 197 196 200 198 

Inorder: 
1 4 5 7 9 17 18 20 21 22 24 28 29 30 33 34 41 42 43 47 49 50 53 55 56 57 58 59 61 62 66 68 69 74 75 77 81 83 84 85 88 89 90 91 92 93 94 96 97 99 100 101 103 106 109 114 115 117 119 121 122 126 127 128 129 134 138 140 141 142 147 149 150 151 152 155 158 161 162 163 168 169 170 172 173 174 180 181 183 184 185 186 187 190 192 194 196 197 198 200 

Postorder: 
1 5 4 7 17 22 28 24 21 20 30 34 33 29 49 47 43 42 41 18 53 55 57 59 58 56 50 66 62 68 75 74 69 61 9 83 81 84 89 91 92 93 90 88 85 96 99 100 97 103 106 101 109 114 121 119 117 126 122 127 129 134 128 115 94 77 140 141 149 147 142 155 152 151 162 169 168 163 161 158 150 172 183 184 181 180 187 186 192 190 196 198 200 197 194 185 174 173 170 138 

Height: 12
